30600,600,1993,146,1.5052334170053798
30600,1058,1066,186,1.1084176840976865
30600,1098,1615,155,1.4988901407705246
30600,657,1369,139,1.938293054995946
30601,795,1208,191,1.5885149135016796
30601,1072,1721,198,1.956316394240795
30601,524,1797,124,1.0324617061987125
30601,754,1857,106,2.40237348114542
30601,879,1639,176,2.943074022748251
30601,1128,1780,191,2.7390704125731995
30601,1482,1362,152,1.0218883688438143
30601,1486,1977,127,1.250659131729048
30601,1360,1683,121,2.2200479331260556
30602,1246,1348,195,1.398157604139129
30602,691,1436,196,1.7488498655178997
30602,1476,1458,147,2.7032283015501477
30603,969,1006,127,2.29380483074882
30603,1255,1439,168,2.8376504659326462
30603,1260,1158,172,1.0988951933525464
30604,590,1098,199,1.4281148248593396
30604,1039,1198,103,2.244922214080087
30606,921,1556,195,1.318347734635963
30606,606,1050,121,1.6850209358523123
30606,843,1718,194,1.756456061343686
30606,1221,1284,147,1.9646240748440147
30607,897,1547,191,2.2963262065580765
30607,1338,1356,110,1.0957049605421796
30607,1254,1747,145,1.6578173996994976
30607,1293,1591,169,1.4371883743108538
30608,866,1798,107,1.959303243498156
30609,1096,1786,153,2.5084945598356514
30609,903,1145,176,1.2347316602692346
30609,1275,1759,169,2.388142730324029
30610,1170,1870,188,1.6894414453238282
30610,1340,1210,102,1.8611201289453525
30610,599,1544,124,2.9398831808679784
30610,1482,1683,103,1.456680476984348
30610,854,1462,135,1.4472691992659448
30610,1099,1225,108,2.5479029204636134
30610,1357,1054,170,2.6349623627218635
30611,627,1505,178,1.3016125248429524
30611,670,1065,172,1.3210731453868876
30611,1077,1068,139,1.7436133088171217
30611,1138,1398,120,2.5921667218268256
30611,997,1588,118,1.4563489795846145
30612,1179,1245,135,1.9279706706085449
30612,1352,1510,177,2.5213463301671952
30612,900,1775,155,2.8529187993923872
30612,742,1311,132,1.6961308187388584
30613,1364,1068,129,1.2012083777932785
30613,1321,1488,164,1.1499801700667949
30613,664,1242,164,2.331559354788805
30613,662,1727,100,1.6189627421630475
30613,1373,1924,191,1.9641053281616625
30613,840,1066,154,1.2307788208326664
30613,1344,1843,113,1.8159446072263103
30613,540,1750,173,2.5234886715077964
30613,1262,1229,173,1.2759996242834815
30614,1489,1931,133,1.1458318083424803
30614,1036,1679,137,2.0450119221002394
30614,1313,1003,104,2.8868508542574194
30614,987,1031,106,2.3771216853885226
30615,1079,1782,109,1.2416389291446668
30615,1280,1227,166,1.4503132211236152
30615,880,1071,195,1.2539696896274724
30615,616,1937,175,1.222732739167154
30615,824,1796,101,2.0478048658260146
30615,724,1482,112,2.202591126894938
30615,937,1439,128,1.3971138075565694
30615,1260,1446,169,1.597607918270913
30615,1492,1465,181,2.5385717630051534
30616,1034,1986,167,1.4315829969606997
30616,1199,1475,154,1.164281866049234
30616,1274,1744,133,2.921566198812653
30617,968,1077,142,1.066214184369336
30617,1286,1757,101,2.6889214680055016
30617,1203,1664,120,1.211660614468411
30617,652,1429,123,2.009808344055905
30618,980,1075,179,1.557826247837487
30618,954,1874,105,1.0371033626451784
30619,1154,1971,178,1.6351456739807027
30619,513,1983,148,2.432280098029146
30619,1104,1717,177,1.1788742423576644
30620,823,1985,131,2.9304205477382923
30620,543,1072,175,2.6365350865110253
30620,846,1486,132,2.9408843291121056
30620,1351,1617,142,1.152844316031944
30620,1038,1792,151,1.2939090141439689
30621,725,1468,166,1.4114672057052837
30621,543,1453,147,2.0633496842055283
30621,1134,1729,163,1.5922967728194177
30621,739,1502,114,2.483010660324682
30621,1287,1725,191,2.299109790446373
30621,845,1682,100,1.3516777744464696
30622,735,1816,169,2.0725666662413635
30623,1050,1250,118,2.4202176182904003
30623,1379,1011,158,2.1586720320036967
30623,512,1356,114,2.7802723817965918
30623,535,1613,110,1.786374121215539
30624,792,1165,124,2.118668855885287
30624,746,1934,177,2.22660689709043
30624,509,1936,119,1.1370174945141895
30624,519,1827,169,1.0031234720733326
30624,860,1330,160,1.08856774427882
30625,794,1362,112,2.685236645034469
30625,1496,1347,135,1.8803149200272402
30626,1020,1619,144,1.0233162366044273
30626,1011,1624,128,1.6951221439196316
30626,598,1807,143,2.9969596216866274
30626,1249,1358,139,2.6173408613128633
30626,1191,1816,134,1.0993000818942527
30626,876,1321,199,1.2392529104028998
30627,1438,1457,110,2.574423691903709
30627,1061,1761,154,1.5917397172297956
30627,1358,1139,116,1.8079561244263558
30627,967,1185,167,1.5933823870525206
30627,890,1850,182,1.7837974551950881
30627,1087,1331,191,1.1273526069606372
30627,921,1152,123,1.2633838266765278
30628,1039,1936,138,1.5060902880651028
30628,674,1678,114,1.7851698551428739
30628,1239,1200,100,2.193280321891511
30628,723,1860,106,1.9161329351917102
30628,1026,1037,140,2.832485876780198
30628,638,1102,196,2.7620717559449943
30629,1214,1333,157,2.613569810302005
30629,1171,1230,177,1.0638902640702126
30629,771,1555,193,1.3625036860336872
30629,1441,1161,167,1.783189124435251
30629,759,1822,188,2.673127187139499
30629,881,1301,158,1.9872596947630337
30629,1386,1864,141,1.3440201371789064
30630,1283,1391,143,1.9290871632434945
30630,1497,1955,112,2.8100992781189706
30630,1099,1868,168,2.3124957977805947
30630,965,1104,122,1.7173916577518955
30631,819,1122,111,1.1961153571948386
30631,643,1869,135,1.180516555087659
30631,579,1683,122,2.329360383124052
30631,1297,1083,124,2.251951568230268
30631,1044,1892,187,1.894078698792031
30631,1091,1854,101,1.4486573585311566
30631,875,1137,131,2.5086435449266586
30631,502,1091,199,1.4882468648533018
30631,783,1626,116,2.746532315007836
30632,621,1230,180,2.5981702325713156
30632,961,1326,135,1.6599410981390985
30632,1221,1571,145,1.263448168808853
30633,825,1081,171,1.920925087794722
30633,526,1376,186,1.5738364214371787
30633,987,1169,157,1.4983505949999127
30633,1175,1901,123,1.0850232310502512
30633,767,1209,168,1.0466392378529912
30634,697,1471,127,2.7958892879695263
30634,864,1125,199,2.3452014591070993
30634,700,1949,127,1.4218372445957779
30635,1273,1528,122,1.5383779677207265
30635,621,1444,175,2.081335756414771
30635,1240,1747,158,1.494715874847726
30635,587,1769,130,1.271865832085068
30635,731,1953,144,1.2518322208494344
30635,634,1783,161,1.2302858620802024
30635,987,1151,150,2.8963672384937436
30636,1474,1168,140,1.7929332189489389
30636,1145,1365,108,2.3533477944324224
30636,1373,1170,123,1.0703323462697074
30637,1083,1027,183,2.697100294413776
30637,771,1585,180,2.2853376143726787
30637,753,1937,165,1.2075928848772035
30637,1288,1842,107,1.0712182645502908
30637,1435,1556,100,2.1709245491378817
30637,735,1283,102,2.3463641968728863
30637,1010,1266,147,1.1596592088387117
30638,503,1159,116,2.2994047554252166
30638,600,1648,173,1.2210540142202166
30638,596,1810,129,2.0998689618256754
30638,1333,1356,156,1.9647785234768333
30638,621,1169,116,1.1248678000914996
30638,1376,1587,159,1.0449843521991204
30638,1341,1407,182,2.561009439221594
30638,1125,1178,141,1.6164087494434924
30638,1063,1434,197,2.766060681876638
30638,1063,1601,180,1.3943691120974504
30639,1179,1052,195,2.9163676020579397
30639,934,1894,135,2.5068988807857795
30639,574,1151,152,1.031603459250091
30639,922,1569,160,1.8264036916275075
30639,1429,1420,165,1.0259774493371068
30639,793,1338,184,2.1485765376920503
30639,1296,1221,152,1.465427555698757
30639,738,1065,143,1.2206645015460382
30639,1195,1155,192,2.455178311773527
30639,945,1631,184,1.8004223270237723
30640,1183,1278,134,1.1403474573775867
30640,536,1327,134,2.566440142996771
30641,570,1069,108,1.0979944358797131
30641,1328,1294,110,2.668823932970735
30641,1279,1225,137,2.5985460251649863
30641,599,1481,195,2.5763019184331517
30641,1428,1660,144,1.8897166652131012
30641,1089,1919,139,2.8262879573347672
30642,1434,1311,187,1.3522292451967697
30642,509,1453,189,1.8808443766841092
30642,755,1485,145,1.4007402547914474
30642,661,1679,195,1.1383083565286993
30642,867,1792,117,2.4597813094678913
30643,607,1822,139,2.7603434826140525
30643,608,1812,125,2.8533302331441557
30643,1249,1347,115,1.339865779536065
30643,1004,1299,101,1.176139549011796
30643,896,1159,109,2.3005175096703856
30644,1312,1825,156,1.896764339366253
30644,1241,1051,175,2.738366816131028
30644,1314,1540,112,2.2279122397666495
30644,942,1314,124,2.9995155843278294
30645,689,1397,127,2.4395045035633376
30645,1438,1708,127,1.2336329940351283
30645,1023,1284,178,2.648145554728284
30645,610,1585,169,1.040276992235095
30646,535,1722,127,2.687290995005781
30646,1188,1971,112,2.018501527259232
30646,949,1717,115,2.2550164076736676
30646,805,1694,103,2.725126362788515
30646,1123,1679,166,2.6763900573340935
30646,581,1885,108,2.8660381148550256
30646,688,1923,157,2.4380388354896136
30647,1263,1993,120,1.3332504143026598
30647,619,1553,122,2.642342898670643
30647,739,1219,110,2.2105113747688243
30647,1356,1968,164,1.544261732066027
30647,538,1727,167,1.2861041789550558
30647,1090,1629,117,1.2620874011270904
30647,693,1658,161,1.114190298465893
30648,1039,1986,169,1.848182643130272
30648,1370,1186,161,1.7657765563700882
30648,652,1856,107,2.1212760998962477
30648,747,1827,103,1.5186798620588098
30649,1230,1266,164,2.4905850344435727
30650,734,1459,161,1.591361654206123
30650,931,1395,183,2.557406386872038
30651,1124,1799,196,2.250416488353835
30651,1496,1438,110,1.6170869913648482
30651,1299,1085,150,1.8958806125508905
30651,536,1301,149,1.695770307153505
30651,1140,1936,137,2.970444071047705
30651,998,1570,199,1.6697122982653518
30651,658,1612,110,2.323325936586603
30651,681,1890,147,2.4370029434638036
30651,631,1399,172,1.2123606889749947
30652,1027,1009,181,1.8758318279535529
30653,899,1653,116,2.443665300103304
30653,710,1088,160,2.197003200519763
30653,1008,1538,140,1.821584493908258
30653,1000,1062,183,2.105241402028547
30653,538,1799,176,1.1342606515726148
30653,1162,1132,185,1.46287399057129
30653,1402,1143,109,1.0594257837484204
30654,685,1206,122,1.25966592890285
30654,954,1010,155,1.4780965440267388
30654,1139,1073,168,2.147763240050777
30654,1305,1889,122,2.7856892952431176
30654,1494,1716,195,1.8449117872770953
30654,1071,1470,195,2.3007086484432984
30655,1302,1644,183,1.5067987617436907
30655,917,1325,124,1.234462045155884
30655,1128,1412,124,1.0922153059461583
30655,962,1047,134,1.7963413884618806
30655,661,1514,143,1.630128469697098
30656,1196,1829,133,2.444664852227663
30656,1155,1137,177,2.6606309019200047
30656,814,1053,195,2.14807364415974
30656,1348,1104,146,2.0544114919923055
30657,1183,1092,195,1.542065297263272
30657,1460,1909,156,2.0929896413001705
30657,800,1294,100,1.8404673552973563
30657,982,1461,172,2.161609276386638
30658,641,1434,137,1.651292242566814
30658,623,1357,140,2.980819128720105
30658,1234,1202,127,2.119534221952664
30658,628,1583,120,1.0197998150695116
30659,527,1383,165,1.688766868909111
30659,602,1486,112,1.4437992959548696
30659,890,1476,103,2.1638292473559497
30659,990,1674,132,1.0110573561542875
30659,1246,1056,147,2.5673316386883727
30659,1196,1615,122,2.1834864252983603
30659,1019,1984,169,1.8953980536260004
30659,971,1811,153,1.4642593785467606
30659,1019,1234,186,1.30162513374209
30660,1026,1498,155,1.2048564045880465
30660,533,1048,166,2.9115397414726916
30661,524,1897,101,2.3917875747456296
30661,874,1189,120,2.627133670450961
30661,654,1201,187,2.5918560845440535
30661,685,1083,117,1.4001551388952154
30661,946,1120,164,1.00417705422349
30661,702,1561,165,1.241179502271413
30661,1244,1809,170,2.569834585226167
30661,890,1705,171,1.1363722757622718
30662,678,1892,151,2.9559695176053915
30662,813,1311,123,2.033292649474746
30662,1283,1705,185,1.5461911283934666
30662,1400,1253,183,1.9900453187130407
30662,1211,1045,149,2.624976616280361
30662,795,1115,116,1.3038648372506965
30662,1106,1396,172,1.7817262867646477
30662,1322,1669,100,1.3512242638970624
30663,935,1972,197,1.112865581926593
30663,1230,1237,141,2.259701949067827
30663,1361,1213,167,2.217948904628671
30663,828,1890,145,1.894126315193837
30663,621,1004,116,2.5557914832794886
30663,559,1459,126,2.7211072170262858
30663,1322,1032,154,1.4622120941667107
30663,1481,1445,143,1.6021423175577385
30664,1092,1543,152,1.5914860606045864
30664,1310,1866,104,2.8264346924955697
30664,1214,1519,164,1.2108322777891403
30664,1093,1779,111,2.788844704367154
30664,1189,1726,124,1.9597740257728506
30664,822,1965,169,2.1931582326722507
30664,1451,1594,159,1.6058526898950667
30664,1337,1055,181,2.723112450862529
30665,1358,1270,196,2.2386464067469296
30665,1410,1918,175,1.6503850114483403
30666,1417,1952,130,2.167734239902118
30666,906,1584,183,2.464508271249924
30666,1150,1956,170,1.685664793438352
30667,1253,1204,177,1.4631323146259532
30667,973,1023,181,1.3179707918902934
30667,745,1997,105,2.3622641768380666
30668,954,1324,158,2.6659052909843766
30668,1322,1379,120,2.5566838202682787
30668,1110,1908,180,1.0134745317840197
30668,897,1255,114,2.7774277229887314
30668,1012,1813,190,2.573830155998417
30668,1376,1516,168,2.535795547077275
30668,1043,1036,103,1.913022964432754
30669,689,1504,183,2.788179228595138
30669,820,1771,105,1.2522791332275582
30669,1349,1734,130,1.1840279299680567
30669,1264,1018,159,1.4230314066720842
30669,1076,1873,134,2.5908321581424465
30669,612,1122,129,1.5031949182548536
30669,1228,1312,148,2.467434146116341
30669,602,1397,148,2.3796384092941634
30670,1304,1827,117,1.1086842904241092
30670,1162,1558,132,1.7727008171116123
30670,1221,1151,143,2.44363261473324
30671,1330,1280,110,2.620098627551748
30671,1312,1036,133,2.052345731640443
30672,896,1142,181,2.420832213253565
30672,1229,1407,132,1.1265401410504001
30672,1278,1574,123,2.4119047571380836
30672,1163,1372,181,2.9637287332627036
30672,1198,1917,110,1.570364293364083
30672,1070,1134,165,1.6138337632258988
30672,1380,1537,155,2.5898774026212408
30672,1367,1203,153,1.2987637325650396
30673,529,1922,132,2.1404785057950866
30673,1404,1868,136,2.8820205788137563
30673,1320,1780,114,1.9348192462662432
30673,1105,1382,127,1.840751167531213
30673,1361,1134,140,1.4237308528988546
30675,974,1741,116,1.7731734544884548
30675,1140,1302,181,1.1581978034345528
30675,917,1428,191,2.7834103839503492
30675,1304,1219,151,2.9661888366379427
30676,1298,1306,171,1.8681095439786701
30676,850,1674,133,1.3894465729659944
30676,633,1358,131,2.695021854696738
30676,1189,1632,178,1.6493240531980136
30676,896,1673,124,2.3835728230652222
30677,1251,1253,178,2.974198140616429
30677,1338,1792,181,2.710466402862102
30677,1339,1216,100,2.7608476497051697
30677,968,1901,110,2.9831815644175417
30677,1431,1088,107,1.7777812101347985
30678,1225,1052,189,1.139265725661903
30678,1145,1760,123,1.5292392963174244
30678,1190,1096,150,1.4993403636866054
30678,697,1780,175,2.2128893238061185
30678,1209,1744,183,2.9949882833520807
30678,575,1114,195,2.304437603626833
30679,1430,1282,177,2.0123880445366815
30679,1160,1810,172,1.5768853647472143
30679,1009,1838,130,2.5219860251573625
30679,802,1828,149,2.92050594786725
30679,1089,1772,153,2.5234140183760596
30679,632,1266,151,1.415601048171291
30680,1135,1911,154,2.009371478074063
30680,605,1892,108,2.3603235277214667
30680,1285,1286,184,1.5248469165496812
30680,1108,1743,185,2.6044748889546945
30680,832,1713,187,2.6737315671901687
30680,779,1253,153,2.192671543217373
30681,1455,1657,110,1.6129147933978152
30681,1299,1218,154,2.2974135147890093
30681,926,1342,193,2.746299561704081
30682,1183,1577,135,2.3874816638937735
30682,791,1708,167,2.5764534910846733
30682,848,1431,136,2.055411956817558
30682,865,1999,117,1.7621930058994624
30682,1118,1595,138,1.169446697319815
30682,1484,1416,163,1.220346021984882
30682,1452,1426,181,2.3820315074752854
30683,667,1268,162,2.0162009640857033
30683,911,1678,147,1.714229476000388
30683,1019,1095,152,1.5453299908100617
30683,904,1026,173,1.985373781364678
30683,767,1126,185,1.2269207374409907
30684,905,1802,131,1.963228522722938
30684,739,1738,127,1.8591893548427885
30684,1181,1469,134,1.498113709534589
30684,1339,1347,194,2.719369094365324
30684,951,1623,127,2.2212065833789687
30685,522,1465,130,1.3082705048884897
30685,1464,1824,127,1.5457408426168546
30685,1455,1995,118,2.1107400668299725
30685,1277,1084,139,2.081546137488669
30685,859,1493,171,1.6470702041307568
30685,842,1984,171,1.9149596729275782
30686,944,1630,165,2.627997228327544
30686,709,1981,122,2.477764066037844
30687,978,1962,190,1.2448759806718783
30687,953,1738,140,2.5006309167081935
30687,1189,1330,126,1.457225273644966
30687,1460,1732,198,2.2174159386093684
30687,983,1025,170,1.900268104742488
30687,1305,1736,154,1.4373995290124144
30687,929,1579,125,2.876124971219501
30688,582,1127,112,1.0575149220088065
30688,684,1173,150,1.4056346826212818
30688,581,1933,165,2.26355341772323
30688,1219,1537,107,1.6466414956745345
30689,1478,1449,151,2.981940818001095
30689,1158,1236,109,1.818715658727127
30689,879,1585,185,2.610660394498645
30690,547,1784,121,2.6997317217935497
30691,1465,1037,135,1.5049551017801321
30691,676,1034,168,1.4036073051035884
30691,1059,1358,147,1.5370832004580173
30691,502,1651,134,2.3066685430126816
30691,1249,1532,195,1.9633529205663967
30691,1207,1237,105,2.5882171081354843
30692,1478,1092,100,2.602111493155511
30692,1492,1312,124,2.9973761787801827
30692,1417,1562,188,1.9346578483623234
30692,1219,1561,186,1.381861573516414
30692,1408,1037,178,2.9400695347857075
30692,988,1508,105,1.8488237174035977
30693,500,1951,139,1.0247568949871946
30693,533,1801,131,1.4594260496168543
30693,634,1416,150,2.0811743351710463
30693,1305,1893,160,1.0604243140088145
30694,1239,1505,175,1.0484250131806068
30694,902,1099,112,1.4192519474420082
30694,1073,1461,123,1.4824302438368502
30694,1029,1900,194,2.854523201189937
30694,1136,1436,116,2.0724816407652806
30694,784,1315,100,1.6860556319983206
30694,1308,1405,165,1.272747485452348
30695,1223,1051,119,1.078458455894276
30695,900,1388,104,2.274268051347871
30695,1378,1872,142,2.542402045805563
30695,1035,1438,157,2.8631022700530186
30695,583,1315,120,1.2852229539842235
30696,1197,1814,128,1.876477880868465
30696,1322,1156,191,1.5287037819164941
30697,1368,1160,124,2.8132176905120883
30697,716,1547,160,2.755919222206219
30698,1487,1934,173,1.9499483922139325
30698,1303,1536,108,1.9360165316733862
30698,628,1281,172,1.7918582177138582
30698,702,1511,165,1.2429431205692751
30698,927,1573,172,1.335932730201479
30698,527,1652,123,1.5951704382949772
30698,654,1022,125,2.336215828912288
30699,693,1625,126,2.8989846422534917
30699,1172,1312,197,2.7098029101174093
30699,553,1509,157,1.1009071659987466
30699,1172,1424,158,2.550756735341235
30699,698,1130,111,1.6884594077856359
30699,515,1244,107,2.576472904247759
30700,726,1207,127,2.9241837051045705
30700,1103,1709,138,2.07770132297553
30701,1288,1534,158,1.099171162236689
30701,1327,1330,187,2.387909872480889
30701,560,1448,191,1.4486507754095965
30702,719,1708,136,1.202578410738738
30702,563,1418,178,2.5891932375553304
30702,856,1256,103,1.299416703743555
30702,705,1405,137,2.510979318814365
30703,946,1913,108,1.4702838834877483
30703,595,1763,161,1.9064966965412076
30703,1369,1656,173,2.9602469244097884
30703,571,1791,129,2.904875455661132
30703,1354,1230,115,1.3412947094716934
30703,552,1464,166,2.7197683660920404
30703,849,1141,144,1.2970086397706058
30703,527,1699,140,2.8238819736818543
30703,1230,1531,129,1.8513601290507622
30703,1364,1888,194,1.1061136800674924
30704,521,1801,126,1.6507725979744936
30704,1068,1952,148,1.9856802278173304
30704,1254,1702,174,2.9367512632865322
30704,1339,1936,113,2.6113923384221827
30705,1189,1799,158,1.2764195336409998
30705,1219,1575,117,2.595393592812548
30705,1444,1904,145,2.1994356559150834
30705,922,1293,193,1.4904341918714568
30706,796,1556,103,1.2933732395711486
30707,1279,1024,117,1.9629814509051238
30707,1043,1116,171,2.5979277273250343
30707,651,1734,178,1.361951268098837
30707,1425,1826,161,2.850799842765978
30707,1133,1748,198,2.9275430463842693
30707,1498,1824,108,1.2138032200008846
30707,874,1111,166,1.5375778772531203
30707,630,1794,160,1.4661049785189668
30707,1449,1490,192,1.2396233400992962
30708,1014,1164,190,2.285524582152623
30708,1195,1732,147,1.4752139392258439
30708,1305,1499,143,2.2908236105533772
30708,810,1842,128,1.7495284090278844
30708,832,1607,155,2.923599544047578
30708,775,1732,120,1.509993048892921
30708,1116,1851,164,1.6016878476299294
30709,927,1366,141,2.7320932489498135
30709,866,1686,107,2.2463346213731894
30709,556,1993,158,2.9217420866751036
30709,822,1939,108,2.941094019619337
30710,860,1813,139,1.593380304447184
30711,733,1422,184,1.3803368621590917
30711,961,1112,148,2.708699529728963
30711,1235,1198,190,2.2085495726484257
30711,1332,1845,121,2.8927955537382486
30711,1153,1676,148,2.0066660956980447
30712,1349,1120,147,1.8129210439374988
30712,546,1501,149,1.2554899924914316
30712,554,1699,105,1.578366272706946
30712,1142,1551,106,1.0958150329603404
30712,893,1254,153,2.105723759022898
30712,1039,1703,116,2.454046243598884
30713,734,1695,122,1.2187946114979598
30713,961,1574,157,1.2136946148339394
30713,1052,1125,145,2.359647154420106
30713,712,1798,167,1.4893514220663633
30713,1461,1467,105,2.268760865122748
30714,1031,1753,168,2.4165309262343655
30714,851,1540,167,2.3126455993236656
30714,936,1451,162,1.229423005792041
30714,820,1313,105,1.7220607164450847
30714,1362,1380,100,1.1933590285634088
30714,1261,1128,119,1.0254102748553078
30714,1372,1566,132,1.5635160420644063
30715,1372,1045,163,1.6832123816538043
30715,992,1861,162,1.4099355290339055
30716,632,1867,119,1.878773528406167
30716,846,1728,101,2.7215581541021354
30716,1098,1600,199,2.041908284214503
30716,807,1527,123,1.1571018803697315
30717,1221,1344,128,1.5547374824940026
30717,929,1044,129,2.3421597765882987
30717,1288,1867,167,2.7218248148025848
30717,551,1194,170,2.945192256877965
30717,742,1702,103,1.1564892403306755
30717,967,1578,115,2.916578216343501
30717,1218,1782,163,1.6590945668672024
30717,1040,1681,105,2.8103066928596414
30718,1185,1853,150,1.3751330360605758
30718,975,1455,163,1.2196948064821502
30718,978,1480,103,1.4351140947641894
30718,513,1536,161,1.9039762498491837
30718,775,1036,111,1.0193148701780004
30718,1399,1739,104,1.3100568265519899
30719,556,1329,160,2.1506929450211185
30719,1134,1894,125,2.99531636010762
30719,1203,1427,167,1.3546753401678429
30719,752,1290,181,2.9771419899634246
30719,517,1480,144,2.9239686053711886
30720,582,1931,176,2.936823922880405
30720,562,1371,172,1.8173209062973859
30720,825,1468,136,1.6841834640940367
30720,852,1638,136,1.3163359952707285
30721,727,1314,181,2.0028861223520495
30721,1382,1966,180,1.6586540134662808
30721,891,1084,105,1.4656690522070472
30722,945,1757,176,1.9782287432130292
30722,1428,1573,127,2.106377664556527
30722,1306,1235,193,1.0116578275287131
30723,1329,1065,110,1.2410537125503056
30723,974,1915,179,1.8323124651499103
30723,518,1293,174,1.6818058264942235
30723,1467,1190,154,2.4356878950573906
30724,1444,1325,166,2.8785022003950176
30724,1161,1818,122,1.8857214830436495
30724,1442,1707,136,1.3355545415491148
30724,1144,1941,117,1.845326077887647
30724,1490,1404,196,1.419931370337881
30724,1343,1883,194,1.8518399946269
30725,1091,1326,148,2.5957481309355668
30725,535,1381,128,2.8109892544646797
30726,946,1623,198,1.3806984656170305
30726,938,1333,104,1.6849865234172448
30726,1289,1223,173,1.5917515750127345
30726,1231,1547,189,1.5411746710878298
30727,624,1299,193,1.9817148290157782
30727,839,1410,163,1.9997931651124077
30727,1368,1581,148,1.1748164199784685
30727,1069,1874,112,2.251796776153603
30727,788,1536,116,1.2276967442650317
30727,636,1699,175,1.2006211365516384
30727,1141,1358,101,1.4421593514679634
30728,725,1391,168,2.5073918902519092
30728,549,1182,112,2.1501101647794094
30728,581,1465,119,2.963202117748425
30728,1153,1541,130,2.1168436085622435
30728,1289,1282,189,2.453109136737856
30728,551,1127,147,1.89931419477505
30728,991,1578,147,2.831592584113405
30728,720,1632,132,1.255743460546185
30729,1282,1279,111,1.5821585300744772
30729,1362,1180,180,1.237028421471696
30730,1133,1202,179,1.144202056752549
30730,626,1072,110,1.5423427548692623
30730,827,1644,138,2.3739792411745
30730,930,1303,125,1.8815172598221592
30730,1319,1984,194,2.9703220881408825
30730,1487,1838,111,2.0671574207257297
30730,1471,1773,157,1.7875097017483845
30730,557,1070,157,1.5358044386498941
30730,1045,1714,121,2.0108985734494724
30731,718,1985,162,1.7491526809722329
30731,535,1997,184,1.6390344114835922
30731,1380,1604,199,1.966724843133571
30731,1495,1975,138,2.6170251135716125
30731,1374,1480,154,2.9204267229951135
30731,616,1196,141,2.5753760154064995
30731,662,1939,185,2.7464159448377257
30731,936,1136,123,2.5333565663085005
30731,648,1975,110,2.713492387237686
30732,836,1037,133,1.244615264036678
30732,656,1082,148,1.0514553878675457
30732,1391,1561,185,1.9024631065520323
30733,1196,1757,154,1.473875719340104
30733,1351,1931,119,2.9253746839745762
30733,521,1034,163,1.1239866303172723
30733,774,1492,178,1.1377161440075316
30733,1191,1428,139,2.0092532162098187
30733,1022,1178,162,2.7471111590814057
30733,665,1900,171,1.8102407479744345
30733,1077,1298,104,2.0215300214218574
30734,858,1547,169,2.379721959103001
30734,805,1201,184,1.8465889716425854
30734,1037,1073,127,2.41155192701983
30734,625,1242,111,1.5744815834358052
30734,1363,1338,109,2.988350403308666
30735,769,1623,191,2.6545817598313084
30735,1493,1493,167,1.4283666453599404
30735,1350,1213,173,1.5111062588361637
30735,1203,1473,148,2.7807452001103146
30735,1260,1127,180,1.5364915620160455
30735,965,1661,115,1.5119856156465208
30735,1266,1021,178,1.2379249526120617
30736,1228,1499,174,1.9143829692532637
30736,1045,1351,163,2.3770977341230175
30736,1475,1488,107,1.009402345246599
30736,649,1990,188,2.3169389447041793
30736,715,1999,120,1.8436621587203115
30736,1306,1066,107,2.0060590839611345
30737,808,1192,118,1.0507254235409869
30737,718,1096,145,1.323883651649043
30737,1328,1837,150,2.4245598367851677
30737,1206,1135,162,2.289866247536382
30738,576,1421,157,2.961766045765969
30738,538,1298,199,1.3330434859926226
30738,1102,1228,119,1.5340146635574001
30738,765,1718,199,1.6480260191793799
30739,1466,1108,196,2.8063796461282706
30739,522,1145,127,2.6933166685653305
30739,1372,1999,173,1.654817614534899
30740,816,1975,138,2.8863619036806836
30740,643,1112,153,1.266571600583979
30740,867,1715,103,1.9103083829673413
30740,1192,1689,159,1.079520766964775
30740,674,1180,145,2.1021094750003457
30740,1116,1034,112,2.913423824883504
30740,1227,1219,181,2.6477644009367776
30740,1400,1221,166,2.581286908218086
30741,1123,1053,178,2.0843434278450053
30741,1358,1244,119,2.16074455777101
30741,1156,1128,149,1.3871267346445595
30741,561,1910,107,2.048095603695606
30741,979,1683,150,2.619873984629301
30741,569,1019,111,1.8494722957247811
30741,663,1081,106,1.1853738266068494
30741,1008,1904,199,1.5790631308753844
30741,1417,1576,168,2.7407278945802203
30741,782,1597,117,2.072165994734139
30741,1343,1306,112,2.6059264523404932
30742,1152,1847,197,1.0710337491768174
30742,955,1567,127,1.7962635827298306
30742,1450,1714,196,2.6708659033096627
30744,570,1033,111,2.2502043874141595
30744,1068,1783,198,1.0822606932204506
30744,1440,1534,144,1.1431875236016533
30744,1484,1448,145,1.1412632528539919
30744,794,1517,139,2.027771312417154
30744,826,1145,107,2.3591797598790594
30744,677,1006,198,2.624578383818159
30744,1031,1095,101,2.736405516236786
30744,1335,1206,113,2.5024232928164256
30744,1219,1826,161,1.520904330384609
30745,978,1311,128,2.2574799909601797
30745,1255,1951,150,2.078103264186902
30745,701,1093,196,1.4658039510794156
30745,1491,1286,152,2.204569193128835
30745,687,1972,102,2.012071067546227
30745,1048,1770,132,1.6808377798637668
30746,1079,1728,193,1.9060812898965676
30746,1151,1031,178,1.302335121436977
30746,808,1237,194,2.7563901757473444
30747,1408,1450,122,2.033790273973517
30747,1197,1091,179,1.6135323933009134
30747,1289,1111,160,1.9050965703022094
30747,1434,1286,155,2.4491811880371825
30747,1391,1599,108,1.2942938297017146
30747,798,1645,154,2.072545172957381
30747,1219,1136,124,2.3936326923316384
30748,940,1903,164,2.761949704409408
30748,1304,1217,102,1.4566219795467346
30748,1193,1657,196,2.7748690992496714
30748,1471,1637,182,2.0929380320425377
30748,593,1940,102,1.9346329738006087
30749,1098,1633,181,2.382062956365045
30749,637,1954,190,1.4426265159860823
30749,1082,1164,174,1.9499914458525571
30749,866,1428,145,2.629962828154194
30749,656,1658,169,1.4901702340929244
30749,670,1073,192,1.8666845210914151
30749,1297,1723,136,1.4433763211095927
30750,1193,1832,190,1.2897895935701715
30750,874,1165,185,2.9086208093867816
30750,777,1544,176,2.4794627480592135
30751,816,1705,124,1.8369422048409318
30751,1271,1377,183,2.3365418595857896
30751,1233,1279,184,1.0650330497139744
30752,708,1861,194,2.5681701072744256
30752,1243,1842,185,2.6228430969536607
30753,932,1918,139,2.2933685064063756
30753,895,1158,109,1.8954980452455996
30753,645,1637,198,1.5065212043758298
30753,1406,1943,172,1.4117365938236281
30753,1304,1933,128,2.222597031293436
30753,1253,1135,164,2.0327529294344897
30754,1168,1994,131,1.8032022336378273
30754,1015,1467,155,2.807984244530857
30754,1271,1701,143,2.6855625713006255
30754,518,1452,163,2.522897802770916
30755,586,1814,165,2.943010139895664
30755,788,1728,182,1.3941280207485787
30755,989,1427,176,1.0705740165365303
30755,1423,1053,196,1.1269133392999668
30755,654,1111,186,2.7486427384841523
30755,1273,1496,190,1.8903505674219288
30755,1240,1069,112,2.912391489329047
30756,1130,1999,160,2.028308355729772
30756,941,1914,191,1.1362786889864998
30756,1081,1933,137,1.5612433076308878
30756,1491,1692,120,1.9846919155240963
30756,1320,1477,106,2.489208309347087
30756,983,1098,150,1.165339115206214
30757,761,1994,161,2.576768399472504
30757,1415,1310,186,1.7878881536952267
30757,501,1392,182,2.1447471222795502
30757,1398,1909,190,1.0189881551456836
30757,1444,1968,119,2.9625845787705734
30757,1220,1838,140,1.0096847338170236
30757,919,1707,111,1.4008953730796898
30757,864,1584,155,2.4511117791587482
30758,827,1107,112,2.1813333798211945
30758,642,1596,108,2.428051588471101
30758,940,1900,161,1.7457903704773328
30758,974,1144,133,1.3835026405528648
30759,938,1116,165,1.4705092517578608
30760,947,1337,147,2.5941359817860237
30760,956,1004,149,1.35433519363028
30760,1032,1129,182,1.7712486372092215
30761,1196,1654,152,1.678126005692704
30761,1436,1873,179,1.8029061967520263
30761,532,1161,192,1.1608336983227803
30761,1134,1218,142,2.6847801371157645
30761,946,1500,135,2.479335176709375
30762,1380,1140,157,2.5041764107164344
30762,920,1582,153,2.0920328678755338
30762,1182,1779,186,1.3037251503577403
30762,593,1460,194,1.2581115052150187
30762,911,1934,179,1.498750333777855
30762,1383,1666,128,1.8987484051606727
30762,1364,1028,186,2.891141623382953
30763,508,1028,192,2.0833905539954656
30763,718,1287,191,1.8280156217171895
30763,1494,1308,152,1.6313432611399081
30763,819,1831,122,1.1923502702728876
30763,815,1220,190,1.6150107010656725
30763,1087,1204,117,1.2426450998443688
30764,1191,1957,169,1.4550210570989552
30764,704,1017,154,1.0510561368300986
30764,1408,1051,174,2.680342302704174
30765,1179,1891,174,1.44539237295641
30765,1146,1367,167,2.8718688974473903
30766,1036,1240,142,2.284303831563806
30766,906,1685,174,1.1641351145681118
30766,1317,1764,120,1.6395512643009766
30766,1442,1695,167,1.0475108973461589
30766,779,1161,134,2.7387741475462635
30766,1387,1229,107,2.7276353943702607
30767,1069,1668,130,2.1703767482967997
30767,1249,1963,126,1.713924662888934
30767,1458,1090,194,2.0433672954905426
30767,678,1573,116,2.6139854337209814
30767,638,1725,187,1.1361743419657142
30767,958,1587,177,1.2382190727346556
30767,630,1016,127,2.1076195853957476
30767,788,1371,192,2.393415082671092
30768,691,1420,148,2.414647132351135
30768,951,1040,197,1.075542356072025
30768,1130,1365,107,2.715374804705314
30768,1172,1823,186,1.1591164055943415
30768,896,1276,177,1.2905058310976403
30769,978,1018,125,1.266289337370174
30769,1318,1098,138,2.3309035799069493
30769,1179,1156,199,1.2751979917487426
30769,691,1984,106,2.7979250280961887
30769,1450,1578,160,2.4296915735998663
30770,651,1085,137,2.955636060488992
30770,766,1800,168,1.5264370676904606
30770,653,1045,136,1.55903210355721
30771,886,1977,168,1.5416955563252177
30771,737,1121,181,2.175896727571397
30771,1224,1348,138,2.027072119140674
30771,1331,1117,130,1.5979686215015416
30772,1155,1535,128,1.2973647460383788
30772,1235,1926,164,1.0057000019548907
30772,985,1399,144,2.780572385443453
30772,1038,1433,145,1.684145552836876
30772,1022,1035,170,1.8499857489876035
30772,1274,1037,163,2.5159911908901886
30772,516,1930,149,2.77577020393612
30773,1439,1850,153,2.651674380694237
30773,1453,1212,162,1.326194316141201
30773,1234,1317,119,2.113167962095197
30774,1379,1079,132,1.438551172828603
30774,1107,1236,137,2.6857280576823683
30774,925,1814,141,2.775603564967657
30774,1368,1572,130,2.8137081427158326
30774,1416,1532,142,2.8674632002877907
30774,695,1405,181,1.7781604552734034
30775,1032,1648,169,1.8792718601234883
30775,1034,1849,167,1.4239806409842044
30775,565,1610,117,1.5589375224003543
30775,518,1616,187,2.9549493338332518
30775,900,1418,182,2.381663876156465
30775,1389,1870,179,2.690725523916141
30775,1083,1920,156,2.692352255647587
30775,1110,1008,105,1.3586416037967048
30776,798,1666,192,1.8732557180895781
30776,1336,1603,183,1.1564875995938637
30776,542,1558,133,1.7419650902414896
30776,638,1466,187,2.538439525217772
30777,1010,1616,164,2.4665525824895496
30777,846,1506,143,1.9556097545314528
30777,790,1110,174,1.7076674737319253
30777,1057,1659,193,2.061016190827747
30777,1143,1343,170,2.2927057835513622
30778,929,1575,104,1.263059223354285
30778,821,1577,121,2.9757945535405366
30778,1221,1612,145,2.2803591968899863
30779,1436,1489,173,1.6177913339823895
30779,1210,1046,146,2.0758607918965755
30779,893,1293,124,1.3305144218063545
30779,982,1345,116,1.6730115562548784
30779,1297,1795,191,1.0936589535971426
30780,888,1573,101,2.3179942228882715
30780,1426,1321,184,2.873523770708171
30780,665,1898,197,1.0627849868054806
30780,727,1926,177,1.0884257526278505
30781,829,1616,150,2.7520298225934265
30781,1451,1153,156,2.774073994082391
30781,997,1847,127,1.5769390219531096
30781,1079,1486,178,2.1492697805391856
30782,1229,1940,155,1.9229778223980336
30782,595,1160,142,2.002019129919283
30782,1450,1291,158,1.2121706523273024
30782,1302,1356,116,1.1119031075358021
30783,1242,1045,123,1.735184906940882
30783,1453,1151,121,1.1606657536959843
30783,815,1563,140,2.008489648336452
30783,517,1938,190,2.7629324636363615
30783,1325,1995,117,2.2668878554739953
30783,629,1861,182,2.4994347783789705
30784,534,1008,180,2.9539584994018586
30784,1195,1139,187,2.7210973995092105
30784,814,1386,158,1.8510763539762676
30784,1414,1255,107,1.3256030971237611
30785,1388,1225,176,1.8575613331775627
30785,560,1013,124,1.4163276739410007
30785,623,1902,156,1.2704027662506272
30785,1479,1974,164,1.2991179729605367
30785,1253,1785,146,2.2833566718043583
30785,624,1079,135,1.427699776709766
30785,594,1878,100,1.3167217970077527
30785,865,1952,154,1.8242965135114595
30786,1443,1013,120,1.4077967799747018
30786,626,1712,136,1.8916767626741449
30786,579,1337,186,1.916751113894398
30786,1282,1212,181,2.0440230323381163
30786,1362,1816,187,2.327534253340998
30786,1344,1487,188,1.4999442940538363
30787,931,1279,192,2.4716182649377463
30787,724,1873,101,2.1869560225876086
30787,919,1746,151,2.4343329122764974
30787,1322,1999,156,2.065858473733577
30787,1076,1534,167,2.1041404779213373
30788,1210,1470,193,2.539797401005381
30788,815,1746,161,2.0363918871779534
30788,1320,1322,137,1.3842653226159136
30789,1084,1719,193,1.2849742847249093
30789,738,1377,184,1.279137699472206
30789,708,1831,177,1.8383195777531738
30789,1335,1064,193,2.799372116015509
30790,963,1394,160,2.3653039291986326
30790,1240,1620,158,2.4349955054403125
30790,876,1839,175,1.327338193593017
30790,541,1987,137,2.8840064518173283
30790,708,1405,118,1.9630848321371581
30790,800,1393,165,1.8032197441625675
30790,714,1639,187,2.0791917338739796
30790,761,1709,194,1.2110420106657416
30791,1221,1973,180,2.845531831137426
30791,1301,1622,191,2.1249742642622733
30791,934,1678,110,2.8745034864140493
30791,809,1250,160,2.022791013860707
30792,782,1466,119,2.874511147822352
30792,1169,1293,179,1.1399099513279383
30792,1064,1571,185,2.232412998454472
30793,1101,1861,132,2.3359884858773814
30793,1308,1114,106,2.6403374284246093
30794,1437,1264,178,1.6132518465756711
30794,663,1942,147,2.3692952132913816
30794,591,1934,141,2.467740270830731
30795,762,1403,106,2.379310773572791
30795,535,1392,133,1.3390597253467076
30795,711,1247,170,1.2764708054791967
30795,649,1428,195,1.345942439020861
30795,781,1315,128,1.0205103225618521
30795,609,1202,121,1.6267701653897437
30796,806,1919,127,2.9421747404918137
30796,589,1882,174,2.5751583133870524
30796,1334,1469,110,2.87452975168649
30796,718,1818,192,2.913823737198274
30796,1058,1132,104,1.6470924549660586
30796,775,1676,139,1.861432256562558
30797,921,1794,136,2.9168027099399065
30797,943,1191,111,1.1300561640730387
30797,1090,1952,141,1.5362252072496823
30797,1180,1676,197,1.791434532284179
30797,1444,1548,173,2.621799048569149
30797,603,1040,187,1.4363331151431236
30798,1178,1502,127,1.1440787186760364
30798,1168,1132,108,2.991437491252332
30799,1287,1503,168,1.8826727018044718
30799,845,1581,158,1.2970699229999916
30799,1249,1279,144,1.237601405961904
30799,527,1131,136,2.396638640824486
30799,736,1137,153,2.0583589573022314
30799,1009,1093,162,2.1213776423536563
30799,654,1879,143,1.8361986841470639
30799,1084,1396,133,1.5813713744318354
30800,1254,1153,193,1.7954435392473087
30800,1210,1253,102,1.3093523331642494
30800,894,1966,129,1.8372147682970816
30801,581,1448,192,2.5874005494665764
30801,801,1975,113,1.3953980106226274
30801,1206,1098,166,1.958031145164368
30801,1408,1556,190,2.7041681377542375
30801,1425,1276,143,1.949292311603731
30802,1353,1968,151,1.7613508696679028
30802,946,1972,178,1.0927394709441811
30802,1453,1229,169,2.4491353184114026
30802,788,1952,128,2.899956245086327
30803,890,1917,104,2.364088827468694
30803,1207,1089,119,2.7359136920361227
30803,557,1172,134,1.6314301007699177
30803,711,1364,123,2.1349344988595553
30803,1196,1378,156,1.917182724476819
30803,819,1984,129,1.669764453376849
30803,1050,1614,152,1.0621147065078844
30803,933,1177,104,1.9746667626794017
30803,1257,1940,170,1.8805746974191049
30803,771,1851,110,1.232476398744946
30804,1466,1778,126,2.862297453804452
30804,1359,1577,146,2.0458935830841716
30804,987,1690,115,1.9281907985283926
30804,842,1113,141,1.3811705750886374
30804,1295,1078,115,2.884849549657173
30804,1430,1680,148,1.7408550089175996
30804,921,1610,134,1.1618609722602689
30804,1289,1064,116,1.6310755734282913
30804,814,1674,176,2.6192363519792803
30804,1022,1915,190,1.8054069101321066
30805,1146,1716,168,1.9443402057368522
30805,676,1327,142,2.931464861026254
30805,868,1734,111,1.582171591316834
30805,503,1805,190,2.4158997459749143
30806,521,1260,186,1.3473990314912618
30806,1300,1232,170,1.5539253763281198
30806,861,1306,155,1.797408512425388
30806,1408,1328,128,1.2646761787351877
30806,1128,1199,151,1.665545056284209
30806,1465,1093,109,1.9121478094344966
30806,1086,1376,100,2.9790062640326713
30806,660,1514,185,1.6858338078735249
30807,1451,1381,125,1.014685320110511
30807,1222,1558,162,1.4433744023410724
30808,1078,1619,126,2.096536187630985
30809,1393,1502,159,2.6948131091919922
30809,1214,1463,121,1.3239362117548823
30809,1172,1552,183,2.619979398232025
30809,1066,1782,112,2.439037188449303
30809,1482,1969,121,1.4441211879656008
30809,1001,1828,122,2.442806919808186
30810,1204,1443,199,2.391539426784562
30810,888,1742,130,1.240417382724102
30810,1231,1170,100,2.3428142967751633
30810,871,1406,192,2.629233695533039
30811,860,1593,122,2.922550938440461
30811,858,1173,164,1.9468950340782496
30811,1104,1297,123,2.033998430229411
30811,690,1511,125,2.7028184482787454
30811,1394,1294,149,2.864662401832306
30811,883,1703,106,2.6211519407760124
30811,1241,1639,159,2.225211921165542
30811,1483,1224,134,1.3572422999967042
30813,856,1362,180,1.9869092427162627
30813,661,1149,185,1.5865531472403342
30813,1049,1994,179,2.7783591990760077
30814,865,1820,199,2.543188688418504
30814,1094,1164,113,1.2042462378818781
30814,673,1365,129,1.2562846591738144
30814,678,1507,116,1.6248687586618178
30814,1290,1875,174,1.188977654010344
30815,744,1111,172,2.6206745328855314
30815,830,1863,132,2.1375436189705415
30815,528,1398,115,1.8999828977739757
30815,843,1976,191,1.8783166288884725
30816,561,1390,120,1.791498183525085
30816,1327,1898,168,1.3996307269108352
30816,547,1118,144,1.0912484218589347
30816,758,1599,180,2.5047840591875405
30816,1389,1182,140,1.5528000412441623
30817,1019,1214,136,2.81340525045975
30817,989,1822,152,1.78794009473508
30817,735,1172,134,1.8828594566194936
30817,930,1072,111,1.6115863902071583
30817,1452,1118,164,1.2923971356308643
30817,1158,1533,130,1.6941712021544617
30817,1468,1308,187,2.7799665870186216
30817,961,1079,148,2.4527238494166475
30817,1498,1401,149,1.3097731060581832
30818,1231,1484,145,2.165179211595535
30818,591,1266,189,1.2945534017871783
30818,663,1190,119,2.5306455099620773
30818,1271,1324,181,2.048390931916917
30818,1359,1854,124,1.4019032704167205
30818,1396,1703,101,2.651756636105945
30818,818,1760,108,1.3326985436440275
30818,560,1747,165,1.9799592168619151
30819,699,1071,144,1.7025500871259232
30819,681,1519,161,2.7358885036468186
30819,734,1179,165,2.4146723400899006
30820,1048,1359,181,1.1001614057221203
30820,585,1342,161,2.1746184494461174
30820,626,1081,195,1.6621841261038457
30820,1442,1634,117,2.403205928528026
30820,1044,1618,139,1.2259267020285844
30820,913,1701,148,2.712601916159554
30820,1217,1569,185,1.450311341738591
30820,1007,1032,195,2.125763279277276
30821,1225,1289,105,2.9959507004951043
30821,1244,1348,128,1.426467701146789
30821,1097,1588,152,2.4091515425752488
30821,1498,1785,181,2.69417224723514
30821,1160,1947,168,1.0118224208725244
30821,1462,1125,174,2.366492214526536
30821,753,1134,127,2.325337766765176
30821,597,1057,135,1.7084978042153152
30822,753,1580,130,1.657078309430681
30822,1287,1589,185,1.1253610944468584
30822,1496,1877,107,1.8627411681334052
30822,1045,1384,149,2.449588081600442
30822,640,1425,187,2.6147249146134888
30823,1058,1381,133,2.3211709708968162
30823,1491,1744,181,1.791602958943709
30823,537,1625,109,2.1543458571104366
30823,924,1855,126,2.7893144921108592
30823,1363,1046,115,1.5172822569191469
30823,1423,1333,149,2.1174144091602187
30823,906,1764,189,2.7708854957737987
30823,1357,1828,117,1.8725297486964636
30823,1135,1738,158,2.785021525316399
30824,570,1111,129,2.7995501315541502
30824,633,1928,184,1.247526891038041
30824,507,1353,167,2.2461531657091856
30825,741,1186,122,2.199726516741347
30825,867,1845,148,1.3801326816723232
30825,678,1352,105,2.3823326759681542
30825,611,1881,158,1.9229416682868714
30826,1037,1883,132,1.4828825372109657
30826,680,1841,186,1.296728953634647
30826,752,1756,179,2.341149497810779
30826,911,1414,144,1.1146343498198852
30826,834,1403,166,2.327302168456705
30826,1261,1328,178,2.4849633424909428
30826,864,1075,141,2.004787534388182
30827,1219,1141,199,2.987195146875832
30827,990,1131,177,1.0076519925234797
30827,686,1218,108,1.3501663571948903
30827,811,1478,187,1.5898204738825659
30827,1444,1004,195,2.5878391225758097
30827,599,1373,155,1.6515475195196752
30828,509,1534,146,1.8071367010132904
30828,841,1888,173,1.5944725398153552
30828,1034,1213,193,1.8537826061201308
30828,1217,1923,172,1.3730358068577626
30829,893,1030,166,2.8887452926672097
30829,1411,1247,106,1.8539165747011082
30829,664,1423,183,2.25018181294484
30829,1207,1094,153,2.29043108157997
30829,580,1013,158,1.5685119016256124
30829,791,1442,185,1.3516535581929372
30829,1035,1495,179,1.9426187093030585
30829,1208,1399,106,2.6599383066161835
30829,523,1707,138,2.3284716007242836
30830,985,1416,199,1.39498890712422
30830,1241,1831,138,2.5378328995524093
30830,962,1972,114,1.2008336364674455
30830,989,1620,134,2.3178353593913306
30830,1093,1838,147,1.5664455782483606
30830,736,1947,166,1.2035657882418562
30830,788,1069,145,1.149614640385256
30831,719,1408,171,1.1793004260425168
30831,525,1620,107,1.6501063979918906
30831,1480,1014,194,2.5602441504040048
30831,1354,1298,116,2.7985172828996054
30832,779,1542,113,2.4500810317578807
30832,1090,1096,130,2.7161413789579596
30832,891,1768,132,1.2720904309330656
30833,1116,1721,174,1.3416352320761509
30833,1020,1507,149,1.1900420482267138
30834,857,1001,151,2.0023469259690327
30834,1166,1955,149,2.1598646923780764
30834,1088,1396,185,1.9256264815298791
30834,915,1152,155,2.765097354233608
30834,1261,1319,146,1.5192670569048077
30834,1268,1235,165,2.4735882928141146
30834,1174,1091,111,2.0043843870589266
30834,1390,1102,175,2.588705954618658
30834,706,1358,199,1.7048924278863782
30834,1239,1218,149,2.592783009449283
30834,1062,1388,169,2.8728668351690185
30835,697,1661,183,1.2567742393285797
30835,976,1893,194,1.844120651857888
30835,1257,1918,191,2.7625303902482825
30835,1485,1430,111,1.7861004415897048
30836,1484,1786,172,1.5424188326637795
30836,611,1516,132,2.934484466700576
30836,1374,1979,184,1.6969642456305696
30836,607,1611,162,1.137817479294566
30837,1080,1435,194,1.6072080345150639
30837,1348,1460,173,2.8535223232389972
30837,966,1612,146,2.568785738322685
30837,829,1034,197,2.690372600555583
30837,1313,1042,193,2.4263336339592017
30837,651,1564,101,1.1398383754760781
30837,1062,1702,130,2.781155634600964
30837,960,1013,141,1.001969548812569
30838,1209,1934,104,1.4929920451745597
30838,889,1349,175,2.260420031398552
30838,1467,1300,114,1.7669050350882065
30838,540,1863,159,2.4486169725756994
30838,1322,1725,119,1.5753158050821592
30839,1464,1202,164,2.9206767757606205
30839,663,1648,186,1.6969626318224287
30839,1150,1185,168,1.2586845055866496
30839,1138,1281,102,1.3720408304788299
30839,835,1893,124,1.8224284584709707
30839,1212,1941,121,2.500238710758241
30839,1464,1090,179,1.5074935610276103
30839,627,1112,158,1.6362630987800313
30840,579,1042,111,2.6408498898148887
30840,1482,1403,113,1.2643754493063282
30840,1486,1760,136,1.7184232940555026
30840,1165,1238,145,2.5897568638671946
30840,689,1712,166,1.7891046673421183
30840,1403,1724,176,2.694474961432221
30840,1155,1466,115,2.555917257586826
30840,821,1335,154,2.171547234961743
30840,1258,1449,192,2.597750050095848
30840,1313,1976,118,1.4191746179147644
30841,1499,1752,106,2.7466960130261637
30841,616,1984,107,1.5280827372605088
30841,540,1996,182,2.5515181965880895
30841,579,1976,102,2.722661858838975
30841,915,1304,131,1.0700129784346346
30841,839,1322,153,1.606357932583764
30842,899,1524,108,1.6480720590017677
30842,1163,1290,199,2.5532141133067547
30842,905,1985,198,2.804653614667153
30842,702,1008,137,2.707380772072352
30842,1402,1446,171,2.228399070356474
30842,1321,1747,165,2.895211735319658
30842,1253,1027,137,2.4836427974459063
30843,1260,1235,196,1.4377455474953003
30843,679,1730,176,2.563200056199988
30843,569,1911,130,1.6524463787634605
30844,503,1164,121,1.0637619820813313
30844,1181,1099,165,2.937578950402871
30844,1085,1184,118,2.4822791635521586
30844,505,1081,194,1.6952170709608334
30845,963,1563,152,1.3071423185903002
30845,761,1536,143,1.4568099490410353
30845,1338,1770,180,1.1707876052800175
30845,1314,1161,112,2.9977027114212476
30845,1113,1998,118,1.646992796475672
30845,1174,1441,175,2.685213458696743
30845,1036,1909,119,1.023395428230895
30846,912,1406,132,2.435105358040507
30846,1088,1947,179,1.58885841342669
30846,1319,1556,103,2.3992626174795224
30846,683,1365,101,2.3569939345621957
30846,1299,1997,123,1.4359477771673104
30846,1293,1431,146,2.2123975300452443
30847,616,1608,110,2.7475424034351583
30847,1123,1299,154,2.1103748694442928
30847,875,1770,105,1.3573012424548252
30847,845,1650,141,2.734641307369242
30847,681,1422,160,1.3812420530255978
30848,585,1873,137,1.8764677270262835
30848,988,1859,163,1.1529625659314349
30848,1159,1366,108,1.5009092275486602
30848,575,1616,169,1.5726335711630677
30849,657,1818,131,2.8092989594894067
30849,1430,1722,102,2.2091563630889395
30849,950,1497,168,2.976418050593234
30849,918,1962,148,1.023523655334223
30849,715,1229,134,1.1682600714617062
30849,1493,1287,118,2.137387440330579
30850,705,1645,119,2.00838617174288
30850,1288,1545,178,1.5530530655615398
30851,1300,1084,102,1.836306885003558
30851,1389,1228,112,1.4283851875228981
30851,1010,1665,184,1.1827568753972937
30851,1499,1700,119,2.906832159030775
30851,959,1437,177,2.6931109659186427
30851,1433,1935,125,2.7567020309535475
30851,1039,1374,159,1.6954318353554068
30852,921,1865,177,2.3995663513125156
30852,1158,1658,191,2.5130259108086452
30853,1056,1413,194,2.4519153926481967
30853,839,1997,195,1.2871541289885946
30853,1220,1091,132,2.480177019057588
30853,1089,1149,190,1.5549690282956201
30854,915,1068,141,2.708419400772145
30854,802,1044,146,2.52250435720633
30854,1106,1204,198,1.7992729477477554
30854,1488,1045,169,1.8743723703484858
30854,650,1851,138,2.1626641455163482
30854,964,1829,111,2.732938634081081
30854,1492,1518,101,1.0515482863983452
30854,619,1312,164,2.8923131630527683
30854,550,1459,117,2.8829935360947383
30855,1439,1344,170,2.4421655251245804
30855,816,1844,127,1.8015541739634466
30856,1370,1774,185,1.0286906530198237
30856,1213,1809,182,1.3206312026487146
30856,1079,1667,158,2.204263629062062
30856,934,1816,194,2.7070690864021465
30857,630,1873,193,2.071429249498218
30858,1257,1048,102,2.867252262652975
30858,756,1860,104,2.044738250321654
30858,1145,1037,190,1.324939891940951
30858,795,1082,117,2.2320100124270494
30858,985,1655,160,1.3446841150243944
30858,626,1459,156,1.9172595213329136
30859,1188,1612,110,2.3963752698857883
30859,1136,1714,113,2.0223779382195075
30859,1119,1558,175,1.2612576841778982
30859,687,1635,188,1.9438673639880841
30859,961,1648,178,2.461586025348029
30859,604,1967,192,1.613561494127052
30859,906,1136,142,2.804946133491905
30859,1431,1544,158,1.0332130509495323
30859,676,1324,137,1.685022035736586
30859,684,1038,110,2.731314382564096
30860,1114,1316,135,1.0757583303166818
30860,1239,1358,165,1.1000321307146064
30860,954,1275,101,2.768443470673658
30860,909,1021,153,1.9241386440977495
30860,1452,1143,108,2.049946839621383
30861,1238,1089,130,1.7793427900683085
30861,1370,1942,118,1.8615821679366862
30861,1336,1676,115,2.9710691691760007
30861,650,1095,115,2.3446224533858366
30861,990,1067,172,2.295124899540273
30862,899,1178,187,2.8271993429336173
30862,894,1684,116,2.2979214684241054
30862,559,1774,109,2.9881183052237015
30862,615,1413,183,2.960199328218831
30862,943,1673,160,1.0985456561892453
30862,741,1529,135,2.858147080924244
30862,1205,1302,152,1.9941709730034378
30862,1160,1142,156,2.712078054449689
30862,912,1571,108,2.886874529170104
30862,961,1456,123,2.743658138235373
30863,974,1735,115,2.6564213154017615
30863,500,1706,146,1.7514186025133032
30863,548,1268,197,1.2839749506139901
30863,1269,1342,190,2.4750267004648308
30863,793,1726,112,2.929849182620337
30864,612,1948,181,2.165925431041706
30864,721,1298,132,2.7996963515036093
30864,1143,1373,179,1.7381893719005697
30864,1265,1058,188,2.4883977413332903
30865,866,1265,165,2.1058642112760193
30865,1074,1035,180,2.743783860105399
30865,1215,1298,199,1.8876959299225446
30865,808,1767,110,1.0073374385647709
30865,945,1947,143,2.2408877265364326
30865,811,1570,149,1.2226839972717334
30865,773,1524,190,2.667522357816676
30866,1441,1236,115,2.913171794571963
30866,1360,1070,178,2.8255941850160173
30866,976,1745,149,1.6613560190575478
30867,1147,1048,179,1.0279606794359422
30867,1163,1446,140,2.9009845512758172
30867,611,1579,120,2.405251021767329
30867,1184,1371,151,2.2056686004323516
30867,1336,1005,166,1.672054642991125
30867,589,1362,177,2.980423837198548
30868,1376,1752,154,1.2047768853327843
30868,1179,1178,108,1.723449471232502
30868,611,1866,163,1.9323419185873947
30868,767,1879,192,2.3288494047505086
30868,993,1389,177,1.2021782729853423
30868,1162,1638,101,2.879883041681956
30868,1330,1902,146,2.804209867614034
30868,845,1609,154,2.026910271676722
30868,1146,1902,119,2.094597488341373
30869,984,1100,189,1.7190593778144652
30869,702,1578,190,1.394197123205661
30870,627,1164,167,1.7249386137911746
30870,1014,1500,172,2.104821377740529
30870,1463,1052,124,2.918408632107
30870,655,1946,122,1.0106551975570366
30870,1196,1033,162,1.6481492219002642
30870,1439,1065,182,2.155565779199941
30871,1345,1558,132,2.160545160636885
30871,755,1951,158,2.080671564362773
30871,1395,1455,103,2.338266729185054
30871,735,1858,114,2.787945056132201
30872,1496,1505,167,1.7236311859402873
30872,1137,1203,146,2.300970985746791
30872,1089,1461,158,1.6356765707812808
30872,1201,1442,105,1.1396107529194919
30872,1201,1796,157,1.5391530212031983
30872,677,1242,100,1.148993701722191
30873,638,1058,120,1.0913731549063752
30873,800,1975,117,1.2708383195591146
30873,943,1630,171,1.419157008115119
30873,1175,1673,115,2.46332980015049
30874,843,1245,157,1.9089881912792468
30874,1306,1801,117,1.2918342049637552
30874,935,1762,141,2.5925261313390977
30875,1248,1262,127,1.6561190170973974
30876,1464,1761,174,1.4469790712083066
30876,1374,1093,154,2.5548967269276406
30876,656,1480,118,1.2575031868236834
30877,1329,1718,102,2.5680541026734423
30877,1277,1418,156,1.040581375509723
30877,933,1965,109,2.5945145863116945
30877,1067,1686,193,2.285950333392106
30877,835,1196,103,1.5047727214435849
30878,656,1782,199,2.4352484125375797
30878,804,1088,184,1.245733785118139
30878,943,1868,159,1.0176022078635105
30879,1477,1452,185,2.0461882761904473
30879,1001,1392,135,1.2581150534776244
30879,617,1180,114,2.0455814708195783
30879,1252,1055,104,2.0422417562253936
30879,1012,1015,111,1.3468459942962907
30880,871,1342,131,1.004138652719166
30880,665,1179,100,2.498436297437265
30880,774,1504,189,1.1333587861737489
30880,1313,1507,128,2.5555692432061456
30880,1160,1912,169,1.5432673744829155
30880,590,1986,126,1.944430434204837
30880,1272,1819,107,1.721478354594835
30880,965,1397,109,1.9474911917346531
30882,1097,1602,147,1.3932640517384827
30882,991,1386,104,1.411573353248061
30882,1486,1514,134,1.7106503525047745
30882,598,1798,141,1.246921986103551
30882,933,1278,137,2.092305183371635
30883,742,1988,160,1.4232390891621949
30883,1265,1689,134,1.0756881038126578
30883,512,1412,120,1.8936794784110775
30883,1226,1142,166,1.6896761211638633
30883,1133,1929,118,2.5859299930207325
30883,1094,1985,121,2.5777590872890244
30883,888,1191,184,2.0077329328581364
30884,1395,1057,144,1.080750033096192
30884,891,1301,106,2.329278453846629
30884,1212,1337,156,1.8400848777254268
30884,890,1373,178,2.014206521248929
30884,1168,1178,180,2.093812643211106
30884,1479,1812,127,1.5141667314811533
30885,1304,1820,150,1.809886666686371
30885,1489,1002,102,1.2004596177039666
30885,1285,1635,130,1.376681078886708
30885,1228,1258,141,1.204064801648263
30885,1297,1951,167,1.3001549167168338
30886,1189,1527,195,2.4468733112484284
30886,944,1481,189,2.1026688313358557
30886,907,1488,112,1.377326635973615
30886,815,1489,176,1.1509601454143257
30886,1073,1933,112,1.191382327627948
30886,1322,1099,197,1.6112739885454987
30886,720,1916,145,2.395234825596815
30887,896,1665,160,1.7603238809145176
30887,1064,1547,146,1.2753359186463624
30887,908,1991,104,2.881026397156286
30887,965,1529,190,2.4830654499142932
30888,1222,1461,145,2.2432857859268998
30888,1075,1342,176,1.5434375157301985
30888,800,1720,110,1.2771509458952917
30888,569,1885,142,2.9816801913904123
30888,719,1127,154,2.9893337914051026
30889,543,1612,177,2.57213916646269
30889,814,1888,113,2.7878750169798523
30889,724,1061,121,1.5514626759201262
30889,1335,1191,179,2.180016096844389
30890,1276,1815,114,1.8519684416600655
30890,1468,1306,107,1.8523225124701779
30890,1224,1616,147,1.6273018386053164
30891,1338,1434,145,1.6155094075627658
30891,951,1334,110,1.5562974600460246
30891,1106,1815,146,2.602127957260458
30891,952,1286,109,2.202342584373169
30892,1244,1531,172,2.991584375484657
30892,1467,1360,117,2.575795271784912
30892,1448,1987,183,1.7481587257346607
30892,1270,1256,150,1.3073375541578984
30892,1393,1694,135,1.913675049993992
30893,1060,1516,140,1.9681595433651986
30893,699,1742,141,1.976688443104268
30893,603,1993,187,1.2402959361106367
30893,1108,1977,128,2.825509906440387
30894,809,1499,107,2.5139348240296293
30894,1096,1068,167,1.802130685854072
30894,1184,1109,179,2.9116771621778765
30894,1193,1904,136,2.063220570216985
30894,1399,1340,183,1.8850111671034715
30894,760,1988,152,2.7019519097618017
30895,1057,1857,110,2.7716430903231366
30895,691,1602,189,2.5537322387590615
30895,1008,1484,189,1.6657771741332674
30895,1414,1164,123,1.5740856023341936
30895,716,1223,122,1.128140168904857
30895,1330,1502,132,1.1092060988136025
30895,766,1734,102,1.2226004798336365
30895,860,1543,186,2.5715012177405043
30895,1426,1696,175,2.008616667183246
30895,737,1813,119,1.6359126130999937
30896,1376,1254,119,1.394566610446097
30896,1358,1621,104,2.5322980195858262
30897,1253,1804,123,1.919335334881616
30897,1117,1168,189,1.0497037867381565
30897,1460,1162,165,1.8011987484305119
30897,899,1399,111,1.9915379503617876
30897,1029,1406,110,1.5429016220744243
30898,1217,1036,129,2.021565953800641
30898,899,1109,194,2.1728103684652442
30898,863,1868,131,2.5877596193747108
30899,1075,1447,103,1.894144451293335
30899,1220,1522,184,2.595540023157216
30899,1308,1339,131,2.333636874867054
30899,1433,1229,190,1.0687628944198433
30899,1243,1743,130,2.1918671625638337
